Keuwl Accelerometer Data File
2025-03-31 16:44:57

Time (s), X (m/s2), Y (m/s2), Z (m/s2), R (m/s2), Theta (deg), Phi (deg)
0.0000000,-0.125025,9.858429,-0.123829,9.860000,90.719582,90.726585
0.0208518,-0.133998,9.868599,-0.154935,9.870725,90.899376,90.777924
0.0417022,-0.131605,9.847662,-0.112463,9.849183,90.654243,90.765663
0.0625541,-0.111864,9.852448,-0.131007,9.853953,90.761765,90.650505
0.0834046,-0.117248,9.836296,-0.114855,9.837666,90.668945,90.682930
0.1042542,-0.116052,9.840483,-0.159721,9.842463,90.929825,90.675674
0.1251053,-0.113061,9.845269,-0.178863,9.847543,91.040733,90.657944
0.1459545,-0.139980,9.847662,-0.150748,9.849811,90.876923,90.814377
0.1668070,-0.127418,9.848260,-0.204586,9.851209,91.189987,90.741257
0.1876573,-0.130409,9.840483,-0.114257,9.842010,90.665169,90.759254
0.2085080,-0.124427,9.864411,-0.185444,9.866939,91.076904,90.722672
0.2293562,-0.152542,9.848858,-0.140578,9.851042,90.817665,90.887344
0.2502044,-0.117847,9.845269,-0.108873,9.846577,90.633530,90.685791
0.2710555,-0.116052,9.852448,-0.124427,9.853916,90.723503,90.674858
0.2919047,-0.129212,9.843474,-0.175872,9.845893,91.023499,90.752060
0.3127541,-0.132802,9.847662,-0.165105,9.849941,90.960434,90.772621
0.3336030,-0.150150,9.838090,-0.142373,9.840266,90.829010,90.874382
0.3544527,-0.128614,9.842278,-0.121436,9.843867,90.706833,90.748672
0.3753046,-0.135194,9.846465,-0.116650,9.848084,90.678680,90.786636
0.3961549,-0.123230,9.842278,-0.156730,9.844296,90.912239,90.717339
0.4170052,-0.122034,9.851251,-0.159123,9.853292,90.925323,90.709724
0.4378558,-0.117847,9.843474,-0.132802,9.845076,90.772896,90.685913
0.4587064,-0.118445,9.848260,-0.107079,9.849554,90.622902,90.689064
0.4795562,-0.125623,9.851849,-0.118445,9.853361,90.688751,90.730553
0.5004072,-0.122632,9.843474,-0.144766,9.845303,90.842506,90.713768
0.5212598,-0.126221,9.854840,-0.163310,9.857001,90.949318,90.733810
0.5421101,-0.129811,9.850653,-0.104686,9.852064,90.608826,90.754990
0.5629612,-0.113061,9.840483,-0.126221,9.841941,90.734833,90.658264
0.5838110,-0.128016,9.855438,-0.181256,9.857936,91.053551,90.744194
0.6046605,-0.116052,9.844072,-0.169890,9.846222,90.988655,90.675430
0.6255100,-0.135793,9.848260,-0.180060,9.850842,91.047348,90.789970
0.6463599,-0.131007,9.842278,-0.119043,9.843869,90.692902,90.762596
0.6672112,-0.119641,9.845269,-0.145962,9.847078,90.849319,90.696236
0.6880603,-0.116052,9.857233,-0.174078,9.859453,91.011665,90.674530
0.7089109,-0.116052,9.856635,-0.186640,9.859085,91.084717,90.674568
0.7297620,-0.125025,9.847063,-0.141775,9.848878,90.824799,90.727425
0.7506123,-0.115454,9.844072,-0.116052,9.845433,90.675385,90.671951
0.7714633,-0.107677,9.844072,-0.123230,9.845432,90.717163,90.626694
0.7923135,-0.125025,9.838689,-0.166301,9.840888,90.968285,90.728043
0.8131645,-0.128614,9.842278,-0.176471,9.844700,91.027107,90.748672
0.8340154,-0.135793,9.845867,-0.132802,9.847699,90.772690,90.790161
0.8548650,-0.136391,9.848260,-0.089731,9.849612,90.521980,90.793449
0.8757139,-0.143569,9.844670,-0.103490,9.846261,90.602219,90.835510
0.8965637,-0.129811,9.847662,-0.208774,9.850730,91.214401,90.755219
0.9174132,-0.122632,9.854242,-0.126820,9.855822,90.737274,90.712990
0.9382641,-0.139980,9.845269,-0.147159,9.847363,90.856255,90.814575
0.9591147,-0.130409,9.844072,-0.091525,9.845362,90.532646,90.758980
0.9799660,-0.135194,9.842278,-0.121436,9.843955,90.706825,90.786972
1.0008185,-0.113659,9.842875,-0.164507,9.844906,90.957443,90.661583
1.0216684,-0.136391,9.854242,-0.187238,9.856965,91.088432,90.792969
1.0425216,-0.125623,9.856635,-0.122632,9.858198,90.712753,90.730194
1.0633758,-0.123230,9.846465,-0.114257,9.847898,90.664772,90.717033
1.0842305,-0.108275,9.853643,-0.118445,9.854951,90.688644,90.629562
1.1050873,-0.121436,9.845867,-0.182453,9.848307,91.061539,90.706635
1.1259446,-0.110668,9.841680,-0.160319,9.843607,90.933197,90.644257
1.1468004,-0.125623,9.853643,-0.138186,9.855413,90.803383,90.730415
1.1676558,-0.120838,9.852448,-0.133400,9.854092,90.775665,90.702682
1.1885079,-0.129811,9.853643,-0.133400,9.855401,90.775566,90.754761
1.2093581,-0.139980,9.854242,-0.159123,9.856521,90.925018,90.813835
1.2302086,-0.126820,9.845867,-0.180658,9.848341,91.051094,90.737953
1.2510591,-0.123829,9.848858,-0.131605,9.850515,90.765511,90.720337
1.2719113,-0.116052,9.845269,-0.119641,9.846680,90.696182,90.675346
1.2927625,-0.124427,9.843474,-0.132203,9.845148,90.769409,90.724213
1.3136103,-0.117847,9.842875,-0.152542,9.844763,90.887817,90.685959
1.3344582,-0.105284,9.856036,-0.136391,9.857542,90.792778,90.612022
1.3553079,-0.118445,9.854242,-0.111864,9.855589,90.650345,90.688644
1.3761572,-0.125623,9.844072,-0.101695,9.845399,90.591827,90.731133
1.3970091,-0.121436,9.853045,-0.160319,9.855098,90.932106,90.706116
1.4178615,-0.120838,9.839287,-0.166899,9.841444,90.971718,90.703621
1.4387110,-0.139382,9.838090,-0.125025,9.839871,90.728020,90.811691
1.4595605,-0.135194,9.842278,-0.113061,9.843856,90.658081,90.786972
1.4804122,-0.130409,9.842278,-0.156730,9.844389,90.912231,90.759117
1.5012643,-0.115454,9.841082,-0.171685,9.843256,90.999397,90.672150
1.5221136,-0.135793,9.847662,-0.150150,9.849743,90.873451,90.790024
1.5429630,-0.129212,9.853045,-0.114257,9.854555,90.664322,90.751335
1.5638129,-0.132802,9.863214,-0.113659,9.864763,90.660164,90.771400
1.5846630,-0.117248,9.852448,-0.136989,9.854097,90.796539,90.681808
1.6055138,-0.117847,9.857233,-0.138186,9.858906,90.803101,90.684959
1.6263660,-0.117248,9.853643,-0.162712,9.855684,90.945969,90.681732
1.6472183,-0.117847,9.837492,-0.138186,9.839168,90.804710,90.686333
1.6680708,-0.123829,9.846465,-0.105284,9.847807,90.612572,90.720512
1.6889216,-0.132203,9.838689,-0.159721,9.840874,90.929970,90.769844
1.7097731,-0.125623,9.836296,-0.188435,9.838902,91.097397,90.731705
1.7306237,-0.135793,9.853045,-0.157328,9.855237,90.914703,90.789589
1.7514765,-0.129811,9.845269,-0.110668,9.846747,90.643967,90.755409
1.7723275,-0.122632,9.847662,-0.096311,9.848897,90.560295,90.713463
1.7931768,-0.132203,9.841082,-0.137587,9.842931,90.800926,90.769653
1.8140262,-0.128016,9.835697,-0.126820,9.837348,90.738655,90.745689
1.8348768,-0.125623,9.847063,-0.141775,9.848885,90.824799,90.730904
1.8557270,-0.126820,9.857233,-0.096311,9.858520,90.559753,90.737106
1.8765763,-0.117248,9.854242,-0.107677,9.855529,90.625999,90.681686
1.8974270,-0.127418,9.866206,-0.151944,9.868198,90.882240,90.739906
1.9182768,-0.123230,9.845269,-0.196211,9.847995,91.141640,90.717117
1.9391258,-0.129811,9.858429,-0.150150,9.860427,90.872505,90.754395
1.9599764,-0.125623,9.850653,-0.078365,9.851766,90.455757,90.730644
1.9808252,-0.126820,9.832706,-0.081356,9.833860,90.474014,90.738945
2.0016730,-0.121436,9.829716,-0.167498,9.831893,90.976143,90.707794
2.0225232,-0.117248,9.837492,-0.200997,9.840243,91.170410,90.682846
2.0433736,-0.132802,9.835099,-0.088534,9.836394,90.515709,90.773605
2.0642221,-0.126221,9.836296,-0.062812,9.837306,90.365837,90.735191
2.0850735,-0.123829,9.847662,-0.122034,9.849196,90.709930,90.720421
2.1059253,-0.129811,9.863214,-0.198006,9.866055,91.149971,90.754028
2.1267748,-0.129212,9.860224,-0.153141,9.862259,90.889725,90.750786
2.1476250,-0.142373,9.847063,-0.042473,9.848184,90.247101,90.828346
2.1684756,-0.133400,9.856635,-0.062213,9.857734,90.361603,90.775398
2.1893272,-0.134596,9.876974,-0.140578,9.878892,90.815353,90.780739
2.2101774,-0.125623,9.866804,-0.184247,9.869324,91.069702,90.729446
2.2310269,-0.122034,9.868599,-0.206381,9.871511,91.197952,90.708473
2.2518780,-0.130409,9.857831,-0.125623,9.859494,90.730042,90.757919
2.2727280,-0.126221,9.848858,-0.095713,9.850132,90.556747,90.734253
2.2935801,-0.128614,9.844072,-0.090329,9.845326,90.525688,90.748535
2.3144305,-0.131007,9.837492,-0.188435,9.840169,91.097252,90.762970
2.3352804,-0.116650,9.818948,-0.189631,9.821471,91.106323,90.680649
2.3561313,-0.136391,9.816555,-0.133400,9.818409,90.778488,90.796013
2.3769817,-0.118445,9.836296,-0.113659,9.837666,90.661980,90.689896
2.3978317,-0.128614,9.841082,-0.102293,9.842454,90.595490,90.748764
2.4186828,-0.116052,9.853643,-0.157328,9.855582,90.914673,90.674774
2.4395337,-0.122632,9.862617,-0.169890,9.864841,90.986786,90.712379
2.4603858,-0.111266,9.865608,-0.113061,9.866883,90.656548,90.646164
2.4812376,-0.114855,9.851849,-0.071785,9.852779,90.417442,90.667938
2.5020871,-0.128614,9.860822,-0.111864,9.862294,90.649902,90.747261
2.5229387,-0.145364,9.860224,-0.145364,9.862367,90.844528,90.844620
2.5437906,-0.140578,9.856036,-0.157328,9.858294,90.914421,90.817162
2.5646436,-0.116650,9.841680,-0.073579,9.842647,90.428322,90.679077
2.5854945,-0.128016,9.844670,-0.089133,9.845906,90.518692,90.745010
2.6063437,-0.125623,9.853643,-0.149551,9.855579,90.869453,90.730415
2.6271951,-0.121436,9.823733,-0.171685,9.825984,91.001152,90.708221
2.6480465,-0.126221,9.828519,-0.122034,9.830087,90.711304,90.735771
2.6688995,-0.113659,9.827921,-0.108275,9.829174,90.631165,90.662590
2.6897507,-0.119641,9.829716,-0.114855,9.831115,90.669395,90.697334
2.7106013,-0.120838,9.835697,-0.113659,9.837096,90.662018,90.703880
2.7314510,-0.124427,9.849456,-0.135793,9.851177,90.789810,90.723770
2.7523036,-0.122632,9.866206,-0.140578,9.867970,90.816261,90.712120
2.7731566,-0.113061,9.863214,-0.123230,9.864632,90.715767,90.656746
2.7940083,-0.121436,9.870992,-0.131007,9.872608,90.760323,90.704834
2.8148592,-0.150748,9.873982,-0.105882,9.875701,90.614311,90.874680
2.8357103,-0.140578,9.857831,-0.150748,9.859986,90.876022,90.817017
2.8565607,-0.123230,9.864411,-0.171087,9.866665,90.993553,90.715729
2.8774133,-0.133400,9.856635,-0.140578,9.858540,90.817039,90.775398
2.8982654,-0.122034,9.839885,-0.153141,9.841833,90.891571,90.710541
2.9191172,-0.110668,9.834501,-0.151944,9.836297,90.885101,90.644722
2.9399679,-0.115454,9.840483,-0.074178,9.841439,90.431854,90.672195
2.9608207,-0.113061,9.836296,-0.107677,9.837535,90.627144,90.658546
2.9816709,-0.128614,9.842875,-0.101695,9.844241,90.591896,90.748627
3.0025234,-0.120239,9.845269,-0.174078,9.847543,91.012886,90.699715
3.0233767,-0.110668,9.836296,-0.147757,9.838029,90.860558,90.644608
3.0442269,-0.128016,9.841082,-0.117847,9.842620,90.686020,90.745277
3.0650773,-0.122632,9.860822,-0.097508,9.862066,90.566498,90.712509
3.0859294,-0.113659,9.863813,-0.121436,9.865215,90.705299,90.660179
3.1067829,-0.119641,9.873982,-0.122034,9.875462,90.708038,90.694206
3.1276360,-0.126221,9.855438,-0.094516,9.856700,90.549423,90.733765
3.1484888,-0.116650,9.855438,-0.075972,9.856421,90.441635,90.678131
3.1693459,-0.147757,9.845867,-0.129811,9.847832,90.755272,90.859772
3.1902020,-0.117248,9.826126,-0.158524,9.828104,90.924202,90.683640
3.2110553,-0.156730,9.829117,-0.146560,9.831458,90.854156,90.913528
3.2319086,-0.137587,9.829117,-0.133998,9.830993,90.780975,90.801971
3.2527590,-0.137587,9.832108,-0.098106,9.833561,90.571625,90.801727
3.2736075,-0.159123,9.829117,-0.209372,9.832634,91.220123,90.927475
3.2944577,-0.134596,9.839287,-0.201595,9.842272,91.173645,90.783730
3.3153076,-0.136989,9.853045,-0.098704,9.854492,90.573891,90.796547
3.3361597,-0.116650,9.851251,-0.193220,9.853836,91.123566,90.678413
3.3570118,-0.105284,9.869795,-0.058624,9.870530,90.340302,90.611168
3.3778656,-0.099900,9.862019,-0.140578,9.863526,90.816628,90.580376
3.3987198,-0.102293,9.857233,-0.153141,9.858953,90.890022,90.594566
3.4195731,-0.109472,9.861421,-0.123829,9.862806,90.719376,90.636017
3.4404299,-0.107079,9.862019,-0.069392,9.862844,90.403122,90.622078
3.4612854,-0.113659,9.871590,-0.167498,9.873665,90.972015,90.659660
3.4821362,-0.119641,9.847063,-0.126221,9.848598,90.734329,90.696106
3.5029867,-0.131007,9.836894,-0.135793,9.838703,90.790817,90.763016
3.5238376,-0.138784,9.838689,-0.079561,9.839990,90.463272,90.808159
3.5446897,-0.148355,9.826126,-0.126221,9.828056,90.735870,90.864990
3.5655410,-0.147159,9.818948,-0.116052,9.820736,90.677078,90.858643
3.5863984,-0.160319,9.834501,-0.148355,9.836926,90.864136,90.933937
3.6072516,-0.123829,9.827921,-0.082552,9.829047,90.481224,90.721870
3.6281047,-0.129212,9.834501,-0.106481,9.835926,90.620277,90.752747
3.6489570,-0.122034,9.849456,-0.091525,9.850637,90.532364,90.709854
3.6698086,-0.122632,9.853643,-0.131605,9.855286,90.765137,90.713028
3.6906605,-0.110070,9.855438,-0.190828,9.857900,91.109192,90.639877
3.7115152,-0.092722,9.859626,-0.083151,9.860413,90.483170,90.538803
3.7323685,-0.105284,9.853045,-0.111266,9.854237,90.646950,90.612206
3.7532203,-0.110668,9.868001,-0.146560,9.869709,90.850845,90.642532
3.7740719,-0.111266,9.851849,-0.140578,9.853479,90.817459,90.647064
3.7949247,-0.116650,9.875777,-0.217149,9.878854,91.259529,90.676735
3.8157787,-0.124427,9.836894,-0.122632,9.838445,90.714188,90.724693
3.8366313,-0.142971,9.847662,-0.134596,9.849620,90.782982,90.831779
3.8574853,-0.123829,9.833304,-0.104686,9.834641,90.609901,90.721474
3.8783367,-0.153141,9.832706,-0.169292,9.835356,90.986259,90.892288
3.8991878,-0.121436,9.842875,-0.209372,9.845851,91.218483,90.706848
3.9200387,-0.139980,9.821341,-0.021535,9.822362,90.125618,90.816559
3.9408903,-0.113061,9.845269,-0.260219,9.849357,91.513931,90.657944
3.9617410,-0.121436,9.848858,-0.015553,9.849619,90.090477,90.706421
3.9825921,-0.115454,9.871590,-0.204586,9.874384,91.187187,90.670074
4.0034432,-0.136391,9.859028,-0.084347,9.860332,90.490128,90.792587
4.0242934,-0.100499,9.854242,-0.125623,9.855556,90.730339,90.584312
4.0451446,-0.111864,9.857233,-0.090329,9.858281,90.524994,90.650192
4.0659966,-0.111266,9.862019,-0.157328,9.863901,90.913902,90.646400
4.0868483,-0.123829,9.860224,-0.123230,9.861772,90.715973,90.719505
4.1077013,-0.119043,9.845867,-0.141775,9.847608,90.824905,90.692711
4.1285534,-0.135194,9.832706,-0.083151,9.833987,90.484467,90.787735
4.1494045,-0.129811,9.835099,-0.111266,9.836586,90.648117,90.756187
4.1702566,-0.142373,9.836894,-0.153739,9.839126,90.895294,90.829208
4.1911106,-0.117847,9.839287,-0.150748,9.841147,90.877701,90.686203
4.2119613,-0.117847,9.830314,-0.144766,9.832086,90.843643,90.686836
4.2328110,-0.119641,9.833304,-0.094516,9.834487,90.550659,90.697083
4.2536602,-0.124427,9.842875,-0.150150,9.844807,90.873886,90.724258
4.2745137,-0.129811,9.851849,-0.145364,9.853776,90.845261,90.754898
4.2953639,-0.119043,9.857233,-0.188435,9.859753,91.095078,90.691910
4.3162155,-0.110070,9.871590,-0.111864,9.872837,90.649208,90.638832
4.3370686,-0.113659,9.854242,-0.114257,9.855560,90.664253,90.660820
4.3579216,-0.131605,9.870992,-0.168694,9.873310,90.978996,90.763855
4.3787737,-0.127418,9.865608,-0.169292,9.867884,90.983009,90.739952
4.3996272,-0.132203,9.857831,-0.184846,9.860450,91.074142,90.768349
4.4204803,-0.139382,9.839287,-0.142971,9.841312,90.832405,90.811592
4.4413342,-0.139382,9.837492,-0.129212,9.839328,90.752441,90.811737
4.4621868,-0.123230,9.824930,-0.159123,9.826991,90.927795,90.718605
4.4830427,-0.124427,9.830912,-0.166899,9.833116,90.972542,90.725136
4.5038991,-0.125025,9.841082,-0.180658,9.843534,91.051605,90.727867
4.5247526,-0.116650,9.842278,-0.095115,9.843429,90.553642,90.679031
4.5456076,-0.120239,9.844670,-0.132203,9.846292,90.769318,90.699753
4.5664611,-0.107677,9.851251,-0.108873,9.852441,90.633156,90.626236
4.5873156,-0.129811,9.847662,-0.189033,9.850332,91.099602,90.755219
4.6081672,-0.129811,9.855438,-0.145364,9.857366,90.844955,90.754623
4.6290212,-0.116650,9.853045,-0.146560,9.854826,90.852127,90.678291
4.6498728,-0.137587,9.844670,-0.121436,9.846380,90.706650,90.800705
4.6707249,-0.116052,9.850055,-0.172283,9.852244,91.001968,90.675018
4.6915784,-0.135194,9.856635,-0.167498,9.858985,90.973465,90.785828
4.7124310,-0.137587,9.850055,-0.150150,9.852160,90.873238,90.800262
4.7332830,-0.125025,9.841082,-0.108873,9.842478,90.633797,90.727867
4.7541351,-0.138186,9.837492,-0.135793,9.839399,90.790756,90.804771
4.7749844,-0.147757,9.838689,-0.241077,9.842752,91.403473,90.860397
4.7958374,-0.123230,9.830314,-0.196211,9.833044,91.143372,90.718208
4.8166904,-0.105882,9.834501,-0.151346,9.836235,90.881622,90.616844
4.8375444,-0.118445,9.823733,-0.092124,9.824880,90.537247,90.690781
4.8583994,-0.120838,9.835099,-0.111864,9.836477,90.651604,90.703918
4.8792539,-0.157926,9.837492,-0.166899,9.840175,90.971840,90.919716
4.9001093,-0.133998,9.841680,-0.204586,9.844718,91.190765,90.780052
4.9209628,-0.128016,9.860224,-0.151346,9.862216,90.879295,90.743835
4.9418163,-0.137587,9.862617,-0.147159,9.864674,90.854752,90.799248
4.9626689,-0.122034,9.857233,-0.170489,9.859463,90.990799,90.709297
4.9835234,-0.120838,9.858429,-0.168694,9.860613,90.980255,90.702255
5.0043774,-0.138186,9.866206,-0.169292,9.868627,90.982933,90.802429
5.0252347,-0.131605,9.868599,-0.157926,9.870740,90.916740,90.764038
5.0460954,-0.123230,9.859626,-0.151944,9.861567,90.882835,90.716072
5.0669546,-0.119641,9.857233,-0.189033,9.859772,91.098549,90.695389
5.0878091,-0.131007,9.838090,-0.172881,9.840481,91.006645,90.762924
5.1086640,-0.131605,9.832108,-0.154935,9.834209,90.902718,90.766876
5.1295190,-0.132802,9.827921,-0.147159,9.829920,90.857780,90.774170
5.1503739,-0.123829,9.832706,-0.142373,9.834517,90.829491,90.721519
5.1712275,-0.125623,9.837492,-0.174078,9.839833,91.013680,90.731621
5.1920800,-0.130409,9.841082,-0.166899,9.843361,90.971527,90.759209
5.2129331,-0.110070,9.866206,-0.161516,9.868142,90.937820,90.639183
5.2337866,-0.124427,9.862617,-0.138784,9.864378,90.806129,90.722809
5.2546415,-0.123230,9.890733,-0.145962,9.892577,90.845413,90.713821
5.2754951,-0.092124,9.908679,-0.186042,9.910853,91.075592,90.532677
5.2963486,-0.160917,9.913465,-0.157926,9.916028,90.912552,90.929955
5.3172035,-0.139382,9.936794,-0.166301,9.939163,90.958710,90.803627
5.3380580,-0.117847,9.937990,-0.153141,9.939869,90.882774,90.679390
5.3589115,-0.129212,9.963714,-0.145364,9.965611,90.835777,90.742989
5.3797665,-0.136391,9.972687,-0.183649,9.975310,91.054893,90.783554
5.4006224,-0.133998,9.981660,-0.171087,9.984025,90.981873,90.769119
5.4214783,-0.140578,9.979267,-0.160319,9.981544,90.920296,90.807076
5.4423313,-0.129212,9.991829,-0.139980,9.993645,90.802567,90.740898
5.4631858,-0.120239,10.006186,-0.164507,10.008261,90.941818,90.688461
5.4840384,-0.135194,10.010972,-0.175274,10.013419,91.002953,90.773712
5.5048943,-0.125025,10.016356,-0.179462,10.018744,91.026375,90.715134
5.5257492,-0.123829,10.016356,-0.154337,10.018310,90.882706,90.708290
5.5466027,-0.132802,10.027721,-0.141775,10.029603,90.809937,90.758751
5.5674558,-0.128614,10.034302,-0.189033,10.036906,91.079163,90.734344
5.5883074,-0.126221,10.036097,-0.175872,10.038431,91.003868,90.720558
5.6091599,-0.125623,10.046266,-0.204586,10.049133,91.166542,90.716415
5.6300149,-0.119641,10.043873,-0.153739,10.045762,90.876877,90.682465
5.6508684,-0.127418,10.076775,-0.154337,10.078762,90.877411,90.724449
5.6717215,-0.135793,10.079167,-0.150150,10.081201,90.853394,90.771873
5.6925740,-0.132802,10.104292,-0.177069,10.106716,91.003868,90.752998
5.7134266,-0.130409,10.106087,-0.136391,10.107848,90.773148,90.739304
5.7342825,-0.125623,10.116854,-0.153141,10.118793,90.867165,90.711418
5.7551370,-0.147159,10.130613,-0.126221,10.132468,90.713760,90.832230
5.7759914,-0.134596,10.149158,-0.159721,10.151307,90.901527,90.759804
5.7968469,-0.139980,10.146765,-0.149551,10.148832,90.844330,90.790375
5.8177013,-0.134596,10.169497,-0.174676,10.171887,90.983955,90.758286
5.8385549,-0.133998,10.181460,-0.141177,10.183320,90.794350,90.754028
5.8594108,-0.138784,10.186246,-0.142373,10.188187,90.800697,90.780586
5.8802652,-0.120838,10.201201,-0.153141,10.203067,90.860001,90.678658
5.9011197,-0.133400,10.207183,-0.170489,10.209478,90.956833,90.748772
5.9219704,-0.132802,10.226326,-0.151944,10.228317,90.851173,90.744019
5.9428248,-0.124427,10.220942,-0.159123,10.222938,90.891861,90.697464
5.9636779,-0.122632,10.245468,-0.163310,10.247503,90.913139,90.685760
5.9845304,-0.129811,10.226924,-0.154337,10.228912,90.864532,90.727219
6.0053854,-0.120838,10.247861,-0.134596,10.249457,90.752434,90.675568
6.0262418,-0.125623,10.262816,-0.162114,10.264866,90.904915,90.701302
6.0470963,-0.126820,10.270593,-0.145364,10.272405,90.810814,90.707443
6.0679488,-0.143569,10.269397,-0.133998,10.271275,90.747498,90.800964
6.0888042,-0.138784,10.290334,-0.141177,10.292238,90.785942,90.772690
6.1096578,-0.131605,10.307682,-0.130409,10.309347,90.724785,90.731491
6.1305122,-0.137587,10.307083,-0.154935,10.309165,90.861122,90.764786
6.1513667,-0.136989,10.325029,-0.160319,10.327183,90.889496,90.760139
6.1722202,-0.132203,10.326226,-0.148953,10.328147,90.826355,90.733498
6.1930752,-0.123230,10.332807,-0.125025,10.334297,90.693184,90.683281
6.2139292,-0.128016,10.339387,-0.126221,10.340950,90.699371,90.709366
6.2347846,-0.130409,10.348360,-0.125623,10.349944,90.695450,90.722000
6.2556372,-0.137587,10.336994,-0.144766,10.338923,90.802284,90.762573
6.2764912,-0.125623,10.345368,-0.139980,10.347077,90.775146,90.695702
6.2973485,-0.121436,10.331012,-0.131605,10.332563,90.729790,90.673454
6.3182044,-0.123829,10.311870,-0.143569,10.313613,90.797607,90.687996
6.3390565,-0.142971,10.326226,-0.126820,10.327994,90.703568,90.793236
6.3599110,-0.135793,10.301102,-0.139382,10.302939,90.775139,90.755249
6.3807635,-0.151346,10.310673,-0.142373,10.312766,90.791023,90.840958
6.4016175,-0.145962,10.307682,-0.147757,10.309774,90.821175,90.811287
6.4224706,-0.132802,10.304092,-0.141177,10.305915,90.784897,90.738403
6.4433236,-0.132802,10.293324,-0.131605,10.295022,90.732452,90.739174
6.4641781,-0.116650,10.294521,-0.127418,10.295971,90.709084,90.649208
6.4850316,-0.120838,10.265807,-0.141775,10.267497,90.791168,90.674393
6.5058842,-0.118445,10.298709,-0.157328,10.300591,90.875153,90.658928
6.5267382,-0.111864,10.304092,-0.126221,10.305472,90.701775,90.621994
6.5475898,-0.117248,10.299307,-0.157328,10.301176,90.875099,90.652229
6.5684433,-0.102891,10.313066,-0.143569,10.314578,90.797531,90.571609
6.5892954,-0.093320,10.329217,-0.118445,10.330317,90.656952,90.517632
6.6101475,-0.130409,10.322039,-0.144168,10.323869,90.800133,90.723839
6.6309981,-0.169890,10.316655,-0.101097,10.318549,90.561371,90.943436
6.6518488,-0.175872,10.332807,-0.186042,10.335978,91.031349,90.975128
6.6726985,-0.180658,10.333405,-0.158524,10.336200,90.878769,91.001595
6.6935525,-0.183051,10.318449,-0.145364,10.321096,90.806992,91.016327
6.7144065,-0.171087,10.322039,-0.114257,10.324089,90.634109,90.949585
6.7352595,-0.119043,10.322637,-0.127418,10.324109,90.707146,90.660721
6.7561135,-0.123230,10.328619,-0.145962,10.330385,90.809586,90.683563
6.7769666,-0.111266,10.320843,-0.139382,10.322384,90.773682,90.617668
6.7978187,-0.105284,10.298110,-0.108873,10.299224,90.605690,90.585754
6.8186707,-0.107079,10.310075,-0.111266,10.311232,90.618279,90.595047
6.8395238,-0.110668,10.311271,-0.128614,10.312667,90.714584,90.614914
6.8603778,-0.127418,10.310075,-0.166899,10.312213,90.927353,90.708061
6.8812304,-0.121436,10.326226,-0.133400,10.327802,90.740089,90.673767
6.9020815,-0.162712,10.316056,-0.126221,10.318111,90.700920,90.903633
6.9229336,-0.159123,10.298110,-0.105882,10.299884,90.589012,90.885246
6.9437861,-0.144766,10.319048,-0.124427,10.320813,90.690773,90.803749
6.9646373,-0.137587,10.307682,-0.146560,10.309642,90.814537,90.764740
6.9854889,-0.143569,10.317851,-0.153739,10.319995,90.853577,90.797203
7.0063386,-0.146560,10.327422,-0.145364,10.329485,90.806335,90.813049
7.0271907,-0.149551,10.315458,-0.116052,10.317195,90.644501,90.830605
7.0480413,-0.133400,10.314262,-0.152542,10.316253,90.847244,90.740997
7.0688920,-0.132203,10.302896,-0.151944,10.304865,90.844849,90.735161
7.0897460,-0.132203,10.314262,-0.131007,10.315942,90.727646,90.734352
7.1106038,-0.111266,10.319048,-0.111864,10.320254,90.621056,90.617775
7.1314664,-0.102293,10.302298,-0.123829,10.303550,90.688599,90.568878
7.1523290,-0.121436,10.322039,-0.156730,10.323943,90.869850,90.674034
7.1731877,-0.107677,10.307682,-0.151944,10.309364,90.844482,90.598503
7.1940436,-0.155533,10.320843,-0.138784,10.322948,90.770317,90.863373
7.2148981,-0.147159,10.302896,-0.129811,10.304765,90.721779,90.818314
7.2357497,-0.151346,10.308878,-0.125025,10.310747,90.694771,90.841110
7.2566013,-0.140578,10.299905,-0.174078,10.302335,90.968170,90.781952
7.2774549,-0.177069,10.304092,-0.136391,10.306517,90.758247,90.984489
7.2983088,-0.139382,10.295717,-0.143569,10.297662,90.798843,90.775612
7.3191628,-0.148953,10.314262,-0.132203,10.316185,90.734276,90.827377
7.3400149,-0.125025,10.323833,-0.135194,10.325476,90.750214,90.693840
7.3608689,-0.119641,10.322637,-0.120239,10.324030,90.667313,90.664040
7.3817225,-0.114257,10.311870,-0.144766,10.313519,90.804260,90.634819
7.4025750,-0.111864,10.316655,-0.108275,10.317830,90.601273,90.621239
7.4234285,-0.119043,10.332209,-0.162114,10.334166,90.898842,90.660103
7.4442801,-0.131605,10.327422,-0.102293,10.328767,90.567451,90.730095
7.4651327,-0.132802,10.319646,-0.159721,10.321736,90.886642,90.737289
7.4859862,-0.123230,10.312468,-0.146560,10.314244,90.814171,90.684631
7.5068388,-0.140578,10.330414,-0.122034,10.332091,90.676743,90.779648
7.5276909,-0.133400,10.298110,-0.138784,10.299909,90.772041,90.742157
7.5485435,-0.117847,10.301700,-0.132203,10.303222,90.735199,90.655411
7.5693951,-0.140578,10.320244,-0.161516,10.322465,90.896545,90.780411
7.5902467,-0.132203,10.298709,-0.123230,10.300295,90.685493,90.735458
7.6110997,-0.116650,10.301700,-0.143569,10.303361,90.798401,90.648758
7.6319518,-0.145364,10.303494,-0.122034,10.305243,90.678505,90.808289
7.6528058,-0.133400,10.307083,-0.153739,10.309093,90.854477,90.741508
7.6736646,-0.136391,10.309476,-0.120838,10.311086,90.671478,90.757957
7.6945171,-0.157328,10.345368,-0.133400,10.347425,90.738686,90.871262
7.7153692,-0.105284,10.304690,-0.129212,10.306038,90.718369,90.585381
7.7362218,-0.142971,10.319048,-0.116650,10.320698,90.647598,90.793785
7.7570739,-0.117847,10.321441,-0.098704,10.322585,90.547867,90.654152
7.7779255,-0.128614,10.314262,-0.151944,10.316183,90.843925,90.714417
7.7987771,-0.141177,10.335199,-0.123829,10.336905,90.686378,90.782600
7.8196316,-0.131007,10.315458,-0.150748,10.317391,90.837181,90.727623
7.8404827,-0.138784,10.307083,-0.129811,10.308835,90.721497,90.771431
7.8613353,-0.130409,10.317851,-0.125623,10.319440,90.697502,90.724129
7.8821869,-0.127418,10.301102,-0.131007,10.302723,90.728577,90.708672
7.9030409,-0.125623,10.317851,-0.113061,10.319235,90.627762,90.697563
7.9238944,-0.128614,10.306485,-0.149551,10.308372,90.831261,90.714958
7.9447465,-0.126820,10.328619,-0.117248,10.330063,90.650330,90.703468
7.9655995,-0.144766,10.314860,-0.114257,10.316509,90.634575,90.804077
7.9864521,-0.125025,10.304690,-0.144766,10.306466,90.804810,90.695122
8.0073042,-0.146560,10.325628,-0.128614,10.327469,90.713554,90.813194
8.0281591,-0.104686,10.316655,-0.123230,10.317922,90.684319,90.581375
8.0490112,-0.131605,10.306485,-0.119641,10.308020,90.665024,90.731583
8.0698662,-0.123829,10.342976,-0.129811,10.344531,90.719009,90.685928
8.0907164,-0.138784,10.298110,-0.116650,10.299706,90.648918,90.772110
8.1115694,-0.120838,10.336395,-0.128016,10.337894,90.709518,90.669785
8.1324205,-0.131007,10.311271,-0.112463,10.312716,90.624840,90.727921
8.1532707,-0.114257,10.330414,-0.141177,10.332010,90.782913,90.633682
8.1741228,-0.126820,10.292129,-0.116052,10.293564,90.645981,90.705963
8.1949749,-0.122034,10.307682,-0.121436,10.309119,90.674927,90.678299
8.2158260,-0.120838,10.297512,-0.110668,10.298816,90.615692,90.672318
8.2366753,-0.131007,10.308878,-0.159721,10.310947,90.887573,90.728088
8.2575283,-0.130409,10.320244,-0.133998,10.321938,90.743828,90.723961
8.2783785,-0.125623,10.304690,-0.150748,10.306559,90.838058,90.698448
8.2992296,-0.141775,10.310075,-0.137587,10.311968,90.764488,90.787827
8.3200817,-0.133998,10.313066,-0.141177,10.314902,90.784210,90.744408
8.3409357,-0.125623,10.319048,-0.141775,10.320786,90.787086,90.697479
8.3617926,-0.154337,10.322637,-0.114855,10.324429,90.637405,90.856583
8.3826447,-0.130409,10.341181,-0.132802,10.342855,90.735695,90.722496
8.4034986,-0.131007,10.311271,-0.107079,10.312659,90.594925,90.727921
8.4243526,-0.116650,10.327422,-0.133998,10.328950,90.743324,90.647141
8.4452047,-0.114855,10.308878,-0.108873,10.310093,90.605049,90.638329
8.4660597,-0.116052,10.302896,-0.134596,10.304429,90.748421,90.645355
8.4869156,-0.104686,10.307682,-0.107079,10.308769,90.595154,90.581879
8.5077658,-0.136391,10.302896,-0.147159,10.304850,90.818245,90.758446
8.5286179,-0.112463,10.292727,-0.090927,10.293742,90.506111,90.626015
8.5494709,-0.147159,10.323236,-0.135194,10.325170,90.750237,90.816704
8.5703220,-0.131007,10.307682,-0.111864,10.309121,90.621727,90.728172
8.5911741,-0.128614,10.317253,-0.174078,10.319523,90.966553,90.714211
8.6120262,-0.145962,10.334601,-0.116052,10.336284,90.643311,90.809174
8.6328745,-0.139980,10.311271,-0.142971,10.313211,90.794312,90.777771
8.6537256,-0.131605,10.325628,-0.128614,10.327268,90.713570,90.730225
8.6745758,-0.117847,10.317253,-0.146560,10.318967,90.813797,90.654419
8.6954260,-0.131007,10.307682,-0.135194,10.309402,90.751381,90.728172
8.7162762,-0.129811,10.306485,-0.151944,10.308423,90.844559,90.721603
8.7371264,-0.149551,10.316056,-0.132203,10.317987,90.734146,90.830559
8.7579784,-0.126820,10.316056,-0.123829,10.317578,90.687660,90.704323
8.7788305,-0.148953,10.326226,-0.166899,10.328650,90.925873,90.826424
8.7996826,-0.132203,10.315458,-0.102293,10.316813,90.568108,90.734268
8.8205347,-0.126820,10.305289,-0.133400,10.306932,90.741585,90.705063
8.8413858,-0.168096,10.313066,-0.123829,10.315179,90.687820,90.933800
8.8622360,-0.145364,10.298709,-0.102293,10.300243,90.569023,90.808662
8.8830872,-0.154935,10.303494,-0.150150,10.305753,90.834801,90.861504
8.9039364,-0.153739,10.302896,-0.125623,10.304809,90.698494,90.854897
8.9247866,-0.137587,10.329217,-0.150748,10.331233,90.836060,90.763145
8.9456367,-0.158524,10.320843,-0.116052,10.322713,90.644157,90.879974
8.9664879,-0.159721,10.316056,-0.125623,10.318057,90.697601,90.887024
8.9873381,-0.160917,10.316655,-0.156132,10.319091,90.866936,90.893616
9.0081902,-0.146560,10.315458,-0.125025,10.317257,90.694328,90.813995
9.0290403,-0.126820,10.274182,-0.155533,10.276142,90.867226,90.707199
9.0498915,-0.132802,10.276575,-0.130409,10.278260,90.726982,90.740379
9.0707436,-0.127418,10.255638,-0.113061,10.257052,90.631569,90.711815
9.0915937,-0.126221,10.231112,-0.116650,10.232555,90.653183,90.706825
9.1124439,-0.103490,10.232906,-0.145364,10.234462,90.813820,90.579437
9.1332960,-0.092124,10.207183,-0.113659,10.208231,90.637947,90.517105
9.1541491,-0.115454,10.202397,-0.144168,10.204069,90.809525,90.648354
9.1750031,-0.101695,10.185050,-0.119641,10.186260,90.672974,90.572067
9.1958551,-0.133998,10.192228,-0.154935,10.194286,90.870827,90.753227
9.2167072,-0.133998,10.175478,-0.129212,10.177180,90.727463,90.754471
9.2375603,-0.126820,10.167104,-0.141177,10.168875,90.795471,90.714645
9.2584124,-0.157328,10.166505,-0.138186,10.168661,90.778633,90.886589
9.2792635,-0.153739,10.135399,-0.123829,10.137321,90.699890,90.869026
9.3001146,-0.125025,10.143773,-0.162712,10.145848,90.918907,90.706154
9.3209658,-0.127418,10.122836,-0.101695,10.124149,90.575531,90.721153
9.3418188,-0.136989,10.122238,-0.122034,10.123900,90.690666,90.775360
9.3626766,-0.117847,10.112667,-0.116650,10.114027,90.660835,90.667656
9.3835335,-0.136989,10.091131,-0.119641,10.092771,90.679207,90.777756
9.4043894,-0.111266,10.078569,-0.140578,10.080164,90.799072,90.632515
9.4252415,-0.134596,10.074382,-0.126221,10.076072,90.717751,90.765442
9.4460926,-0.129212,10.066605,-0.101695,10.067947,90.578743,90.735397
9.4669418,-0.123230,10.058828,-0.136391,10.060508,90.776787,90.701897
9.4877939,-0.122632,10.055838,-0.126820,10.057385,90.722496,90.698692
9.5086479,-0.114257,10.046865,-0.116650,10.048191,90.665169,90.651566
9.5295067,-0.126221,10.049257,-0.132802,10.050927,90.757065,90.719612
9.5503674,-0.122034,10.034302,-0.120239,10.035764,90.686485,90.696777
9.5712261,-0.134596,10.013365,-0.138784,10.015231,90.793991,90.770103
9.5920830,-0.131007,10.013963,-0.109472,10.015418,90.626274,90.749527
9.6129351,-0.132203,10.020543,-0.114855,10.022074,90.656639,90.755875
9.6337862,-0.139382,9.993624,-0.114855,9.995255,90.658401,90.799057
9.6546402,-0.125623,9.978070,-0.129811,9.979706,90.745293,90.721313
9.6754951,-0.132802,9.974482,-0.113659,9.976013,90.652802,90.762802
9.6963472,-0.134596,9.971490,-0.111266,9.973020,90.639244,90.773338
9.7172003,-0.135194,9.963116,-0.108275,9.964622,90.622589,90.777428
9.7380533,-0.130409,9.946365,-0.078365,9.947529,90.451370,90.751175
9.7589064,-0.163310,9.931411,-0.126221,9.933556,90.728050,90.942078
9.7797565,-0.120838,9.926026,-0.102891,9.927296,90.593849,90.697472
9.8006096,-0.124427,9.912866,-0.112463,9.914285,90.649948,90.719139
9.8214598,-0.135194,9.894919,-0.138784,9.896816,90.803490,90.782784
9.8423128,-0.114855,9.890733,-0.124427,9.892182,90.720703,90.665314
9.8631678,-0.114855,9.896116,-0.200399,9.898811,91.160019,90.664955
9.8840227,-0.126221,9.874580,-0.135194,9.876312,90.784332,90.732338
9.9048738,-0.141177,9.871590,-0.152542,9.873777,90.885208,90.819351
9.9257278,-0.114257,9.866804,-0.101695,9.867990,90.590477,90.663452
9.9465818,-0.145962,9.877572,-0.162114,9.879980,90.940170,90.846603
9.9674330,-0.131007,9.842875,-0.129811,9.844604,90.755524,90.762550
9.9882841,-0.129212,9.848260,-0.128614,9.849947,90.748154,90.751694
10.0091381,-0.152542,9.824930,-0.087338,9.826503,90.509254,90.889503
10.0299892,-0.138186,9.809975,-0.117847,9.811656,90.688187,90.807030
10.0508423,-0.116650,9.790234,-0.123829,9.791712,90.724594,90.682640
10.0716953,-0.128614,9.781859,-0.128614,9.783550,90.753227,90.753296
10.0925484,-0.132802,9.764511,-0.150150,9.766569,90.880890,90.779198
10.1134014,-0.123829,9.765109,-0.068794,9.766136,90.403603,90.726509
10.1342545,-0.117847,9.766306,-0.126221,9.767832,90.740402,90.691338
10.1551075,-0.116650,9.733404,-0.153739,9.735317,90.904846,90.686630
10.1759586,-0.118445,9.743574,-0.116052,9.744986,90.682343,90.696465
10.1968107,-0.130409,9.738190,-0.129212,9.739920,90.760124,90.767227
10.2176619,-0.092124,9.732208,-0.089731,9.733057,90.528229,90.542336
10.2385120,-0.118445,9.730413,-0.133998,9.732057,90.788918,90.697403
10.2593641,-0.123829,9.707084,-0.125025,9.708678,90.737854,90.730858
10.2802153,-0.078365,9.681360,-0.122034,9.682446,90.722153,90.463768
10.3010674,-0.113061,9.672387,-0.081954,9.673394,90.485420,90.669701
10.3219194,-0.145962,9.704690,-0.155533,9.707033,90.918076,90.861687
10.3427725,-0.120838,9.610772,-0.046660,9.611645,90.278145,90.720352
10.3636265,-0.180658,9.655040,-0.190229,9.658604,91.128532,91.071953
10.3844776,-0.123230,9.658031,-0.089133,9.659227,90.528717,90.731018
10.4053316,-0.151944,9.584451,-0.120239,9.586409,90.718658,90.908249
10.4261866,-0.171087,9.627522,-0.113061,9.629705,90.672714,91.018074
10.4470367,-0.130409,9.601799,-0.086740,9.603076,90.517532,90.778130
10.4678888,-0.108275,9.604790,-0.108275,9.606010,90.645828,90.645874
10.4887428,-0.154935,9.612567,-0.096311,9.614298,90.573967,90.923416
10.5095949,-0.080758,9.560523,-0.105284,9.561444,90.630913,90.483963
10.5304489,-0.070588,9.554541,-0.066999,9.555036,90.401756,90.423286
10.5513010,-0.093918,9.576674,-0.065204,9.577356,90.390083,90.561882
10.5721579,-0.088534,9.533604,-0.157926,9.535323,90.948990,90.532066
10.5930119,-0.080160,9.525827,-0.062213,9.526367,90.374184,90.482132
10.6138649,-0.106481,9.546165,-0.109472,9.547387,90.656975,90.639069
10.6347189,-0.108275,9.502497,-0.108873,9.503737,90.656387,90.652824
10.6555729,-0.123829,9.505488,-0.124427,9.507109,90.749893,90.746353
10.6764231,-0.148953,9.501899,-0.162114,9.504449,90.977318,90.898102
10.6972752,-0.133400,9.457631,-0.132203,9.459496,90.800774,90.808105
10.7181282,-0.139980,9.476774,-0.111864,9.478468,90.676216,90.846245
10.7389774,-0.144168,9.468399,-0.134596,9.470453,90.814331,90.872330
10.7598295,-0.141177,9.442079,-0.103490,9.443701,90.627892,90.856613
10.7806807,-0.129811,9.447462,-0.128016,9.449222,90.776253,90.787209
10.8015327,-0.116052,9.440284,-0.111864,9.441660,90.678856,90.704315
10.8223829,-0.108275,9.407980,-0.068794,9.408854,90.418930,90.659378
10.8432350,-0.107677,9.421141,-0.126221,9.422602,90.767532,90.654823
10.8640881,-0.106481,9.410972,-0.132203,9.412502,90.804771,90.648247
10.8849382,-0.098704,9.369097,-0.110070,9.370263,90.673050,90.603592
10.9057903,-0.098704,9.395418,-0.096909,9.396437,90.590927,90.601898
10.9266405,-0.124427,9.373284,-0.105882,9.374708,90.647141,90.760536
10.9474916,-0.105284,9.337991,-0.090329,9.339021,90.554184,90.645973
10.9683447,-0.110070,9.368499,-0.148953,9.370329,90.910828,90.673134
10.9891968,-0.131605,9.339785,-0.102293,9.341272,90.627441,90.807289
11.0100479,-0.086142,9.318250,-0.115454,9.319364,90.709831,90.529648
11.0308962,-0.104686,9.318250,-0.077169,9.319158,90.474449,90.643661
11.0517483,-0.157328,9.299107,-0.129811,9.301343,90.799652,90.969276
11.0725965,-0.125623,9.299706,-0.101097,9.301104,90.622780,90.773918
11.0934486,-0.127418,9.288340,-0.139980,9.290268,90.863327,90.785934
11.1142998,-0.112463,9.268001,-0.096311,9.269183,90.595337,90.695221
11.1351538,-0.139980,9.257831,-0.101097,9.259440,90.625580,90.866257
11.1560059,-0.117248,9.249456,-0.110070,9.250854,90.681740,90.726257
11.1768579,-0.139980,9.248260,-0.133400,9.250280,90.826302,90.867157
11.1977100,-0.116052,9.230313,-0.102293,9.231609,90.634895,90.720337
11.2185631,-0.113061,9.214760,-0.102891,9.216027,90.639687,90.702957
11.2394152,-0.137587,9.215358,-0.104686,9.216979,90.650780,90.855377
11.2602673,-0.106481,9.220742,-0.074178,9.221655,90.460884,90.661621
11.2811193,-0.138784,9.189635,-0.117248,9.191431,90.730904,90.865227
11.3019724,-0.098704,9.195618,-0.111864,9.196828,90.696930,90.614975
11.3228245,-0.111266,9.163314,-0.094516,9.164477,90.590919,90.695686
11.3436737,-0.099302,9.153145,-0.084945,9.154078,90.531685,90.621574
11.3645239,-0.098704,9.139386,-0.111266,9.140596,90.697464,90.618759
11.3853731,-0.106481,9.114860,-0.114855,9.116205,90.721893,90.669304
11.4062252,-0.116052,9.125030,-0.133400,9.126742,90.837486,90.728645
11.4270754,-0.103490,9.101101,-0.099900,9.102238,90.628853,90.651489
11.4479265,-0.120838,9.102896,-0.093918,9.104182,90.591072,90.760536
11.4687786,-0.104686,9.101699,-0.098704,9.102836,90.621284,90.658974
11.4896278,-0.106481,9.090932,-0.109472,9.092215,90.689865,90.671066
11.5104799,-0.125623,9.091530,-0.114257,9.093115,90.719955,90.791641
11.5313301,-0.125025,9.057432,-0.104088,9.058893,90.658348,90.790840
11.5521822,-0.117248,9.055637,-0.083749,9.056784,90.529823,90.741798
11.5730352,-0.121436,9.065806,-0.102293,9.067197,90.646408,90.767426
11.5938864,-0.119043,9.034700,-0.099900,9.036036,90.633461,90.754898
11.6147375,-0.119043,9.043674,-0.131007,9.045405,90.829857,90.754150
11.6355906,-0.120838,9.046664,-0.075374,9.047786,90.477318,90.765259
11.6564455,-0.110668,9.039486,-0.115454,9.040900,90.731697,90.701424
11.6772957,-0.116650,9.038888,-0.094516,9.040134,90.599052,90.739380
11.6981459,-0.093320,9.043075,-0.110070,9.044226,90.697319,90.591240
11.7189989,-0.113061,9.038289,-0.123230,9.039836,90.781075,90.716682
11.7398586,-0.092124,9.069396,-0.068794,9.070125,90.434570,90.581970
11.7607126,-0.092124,9.049655,-0.119043,9.050906,90.753609,90.583237
11.7815695,-0.123829,9.061021,-0.091525,9.062329,90.578674,90.782959
11.8024273,-0.125623,9.075378,-0.110668,9.076922,90.698578,90.793045
11.8232851,-0.151944,9.062816,-0.107079,9.064722,90.676834,90.960510
11.8441429,-0.141177,9.059825,-0.079561,9.061275,90.503082,90.892754
11.8649988,-0.154337,9.062816,-0.101695,9.064700,90.642799,90.975639
11.8858500,-0.111266,9.046664,-0.123230,9.048187,90.780357,90.704651
11.9067030,-0.153141,9.056833,-0.092124,9.058597,90.582695,90.968712
11.9275570,-0.116052,9.053843,-0.086142,9.054996,90.545074,90.734375
11.9484081,-0.126820,9.029316,-0.084945,9.030606,90.538956,90.804688
11.9692621,-0.119641,9.038888,-0.073579,9.039979,90.466354,90.758339
11.9901133,-0.110070,9.031709,-0.071785,9.032664,90.455345,90.698235
12.0109653,-0.112463,9.059227,-0.104686,9.060530,90.662018,90.711243
12.0318174,-0.107079,9.050852,-0.074776,9.051794,90.473320,90.677826
12.0526724,-0.119641,9.060423,-0.086740,9.061627,90.548454,90.756538
12.0735235,-0.095115,9.062218,-0.081356,9.063082,90.514328,90.601341
12.0943756,-0.107079,9.065208,-0.110070,9.066509,90.695602,90.676750
12.1152287,-0.087936,9.059825,-0.107079,9.060884,90.677116,90.556107
12.1360807,-0.106481,9.059227,-0.084945,9.060251,90.537193,90.673416
12.1569328,-0.120838,9.062816,-0.116052,9.064364,90.733582,90.763901
12.1777849,-0.129811,9.050852,-0.089133,9.052221,90.564171,90.821701
12.1986341,-0.123829,9.044869,-0.111864,9.046409,90.708519,90.784355
12.2194862,-0.130409,9.063414,-0.123230,9.065189,90.778893,90.824341
12.2403374,-0.117248,9.058030,-0.090329,9.059239,90.571304,90.741600
12.2611885,-0.129811,9.050254,-0.102293,9.051764,90.647507,90.821754
12.2820406,-0.131605,9.043674,-0.111266,9.045316,90.704811,90.833717
12.3028927,-0.107677,9.052647,-0.121436,9.054101,90.768486,90.681473
12.3237457,-0.115454,9.055039,-0.116052,9.056519,90.734222,90.730492
12.3445959,-0.108275,9.038888,-0.098704,9.040075,90.625595,90.686302
12.3654461,-0.100499,9.056235,-0.096909,9.057311,90.613052,90.635796
12.3862953,-0.086142,9.067003,-0.090329,9.067863,90.570755,90.544327
12.4071474,-0.102891,9.076574,-0.111864,9.077847,90.706062,90.649475
12.4279995,-0.099302,9.095717,-0.111266,9.096940,90.700813,90.625496
12.4488535,-0.115454,9.123235,-0.090329,9.124413,90.567223,90.725037
12.4697065,-0.118445,9.107083,-0.096909,9.108369,90.609612,90.745132
12.4905577,-0.106481,9.144172,-0.093320,9.145267,90.584671,90.667160
12.5114088,-0.131605,9.144770,-0.128614,9.146621,90.805687,90.824501
12.5322580,-0.120838,9.150752,-0.095115,9.152044,90.595467,90.756561
12.5531073,-0.117847,9.165708,-0.111266,9.167140,90.695442,90.736633
12.5739574,-0.102293,9.191430,-0.113659,9.192702,90.708427,90.637627
12.5948095,-0.107677,9.190233,-0.092124,9.191326,90.574280,90.671272
12.6156635,-0.121436,9.211769,-0.101097,9.213124,90.628723,90.755264
12.6365147,-0.104686,9.207582,-0.089731,9.208613,90.558311,90.651398
12.6573677,-0.100499,9.226724,-0.105882,9.227879,90.657440,90.624046
12.6782217,-0.108275,9.230911,-0.102891,9.232121,90.638573,90.672028
12.6990738,-0.104686,9.251250,-0.125025,9.252687,90.774223,90.648323
12.7199249,-0.120838,9.241679,-0.086142,9.242871,90.533989,90.749115
12.7407789,-0.130409,9.249456,-0.089133,9.250805,90.552063,90.807762
12.7616291,-0.116052,9.271589,-0.080160,9.272661,90.495316,90.717133
12.7824831,-0.118445,9.293723,-0.075972,9.294788,90.468323,90.730171
12.8033361,-0.113061,9.297911,-0.126820,9.299462,90.781387,90.696671
12.8241873,-0.120838,9.318848,-0.096909,9.320135,90.595764,90.742912
12.8450403,-0.112463,9.312865,-0.098704,9.314068,90.607193,90.691872
12.8658934,-0.125623,9.318250,-0.102293,9.319658,90.628899,90.772385
12.8867464,-0.125025,9.317652,-0.100499,9.319033,90.617905,90.768753
12.9076004,-0.108873,9.329616,-0.110070,9.330900,90.675896,90.668594
12.9284544,-0.113061,9.342776,-0.102293,9.344020,90.627258,90.693329
12.9493055,-0.123230,9.364311,-0.115454,9.365833,90.706306,90.753944
12.9701576,-0.108275,9.369696,-0.097508,9.370829,90.596199,90.662071
12.9910107,-0.099900,9.388240,-0.116650,9.389496,90.711830,90.609665
13.0118656,-0.102891,9.387043,-0.116650,9.388332,90.711922,90.627991
13.0327177,-0.113659,9.399606,-0.119043,9.401046,90.725540,90.692780
13.0535698,-0.123829,9.407382,-0.112463,9.408869,90.684860,90.754135
13.0744200,-0.128016,9.404391,-0.114855,9.405964,90.699654,90.779884
13.0952711,-0.131605,9.411570,-0.089731,9.412917,90.546196,90.801132
13.1161203,-0.118445,9.440882,-0.102891,9.442185,90.624367,90.718788
13.1369715,-0.126221,9.439087,-0.134596,9.440890,90.816879,90.766129
13.1578236,-0.114257,9.467801,-0.099302,9.469011,90.600876,90.691414
13.1786747,-0.133400,9.478569,-0.111864,9.480167,90.676094,90.806320
13.1995268,-0.122034,9.486345,-0.108275,9.487748,90.653877,90.737022
13.2203770,-0.109472,9.498309,-0.086142,9.499331,90.519577,90.660324
13.2412319,-0.121436,9.524033,-0.119641,9.525558,90.719658,90.730507
13.2620878,-0.101695,9.508479,-0.108275,9.509640,90.652374,90.612762
13.2829399,-0.111864,9.536594,-0.114257,9.537934,90.686378,90.672050
13.3037882,-0.102891,9.530613,-0.093320,9.531625,90.560966,90.618538
13.3246393,-0.126820,9.535398,-0.084347,9.536614,90.506760,90.761978
13.3454895,-0.125623,9.564112,-0.120239,9.565692,90.720215,90.752525
13.3663416,-0.116052,9.582058,-0.126820,9.583600,90.758217,90.693893
13.3871918,-0.125025,9.571889,-0.116650,9.573417,90.698158,90.748337
13.4080429,-0.125025,9.588638,-0.092124,9.589896,90.550407,90.747032
13.4288931,-0.123230,9.596416,-0.117248,9.597923,90.699944,90.735710
13.4497433,-0.127418,9.604790,-0.110668,9.606272,90.660088,90.760048
13.4705925,-0.116052,9.613763,-0.120838,9.615223,90.720070,90.691612
13.4914436,-0.125623,9.635299,-0.099302,9.636629,90.590424,90.746971
13.5122948,-0.114257,9.634102,-0.107677,9.635381,90.640305,90.679474
13.5331440,-0.113659,9.642477,-0.135194,9.644094,90.803223,90.675331
13.5539932,-0.120239,9.655638,-0.111266,9.657027,90.660164,90.713455
13.5748434,-0.123829,9.674182,-0.125025,9.675782,90.740364,90.733337
13.5956936,-0.114257,9.675379,-0.122632,9.676830,90.726112,90.676582
13.6165438,-0.110070,9.688539,-0.107079,9.689755,90.633171,90.650902
13.6373930,-0.128614,9.684950,-0.112463,9.686457,90.665237,90.760834
13.6582460,-0.113659,9.703494,-0.116052,9.704853,90.685165,90.671089
13.6790972,-0.125623,9.722636,-0.117847,9.724161,90.694382,90.740257
13.6999474,-0.120239,9.729217,-0.108873,9.730569,90.641083,90.708061
13.7207994,-0.112463,9.741181,-0.119641,9.742565,90.703621,90.661453
13.7416515,-0.127418,9.758529,-0.108873,9.759968,90.639153,90.748070
13.7625065,-0.122632,9.772886,-0.116052,9.774344,90.680298,90.718918
13.7833567,-0.126221,9.769297,-0.106481,9.770692,90.624420,90.740234
13.8042078,-0.128614,9.798011,-0.117847,9.799563,90.689041,90.752052
13.8250580,-0.123230,9.793225,-0.090927,9.794423,90.531914,90.720924
13.8459082,-0.127418,9.799805,-0.109472,9.801245,90.639961,90.744919
13.8667583,-0.125623,9.828519,-0.114855,9.829992,90.669472,90.732285
13.8876104,-0.128614,9.808778,-0.110070,9.810238,90.642868,90.751228
13.9084625,-0.127418,9.830912,-0.103490,9.832282,90.603081,90.742569
13.9293184,-0.120838,9.842875,-0.114855,9.844287,90.668495,90.703362
13.9501734,-0.130409,9.845269,-0.110668,9.846755,90.643967,90.758888
13.9710283,-0.110668,9.838689,-0.096909,9.839788,90.564301,90.644447
13.9918804,-0.127418,9.859626,-0.130409,9.861311,90.757721,90.740402
14.0127306,-0.138784,9.847662,-0.101097,9.849159,90.588120,90.807419
14.0335817,-0.120838,9.845867,-0.106481,9.847184,90.619568,90.703148
14.0544338,-0.107677,9.844072,-0.120838,9.845403,90.703239,90.626694
14.0752859,-0.132203,9.844072,-0.129811,9.845816,90.755432,90.769424
14.0961409,-0.135194,9.832108,-0.098106,9.833528,90.571632,90.787788
14.1169939,-0.120838,9.834501,-0.132203,9.836132,90.770111,90.703964
14.1378460,-0.128614,9.847063,-0.095115,9.848362,90.553368,90.748306
14.1586971,-0.116650,9.826724,-0.116650,9.828109,90.680061,90.680107
14.1795492,-0.127418,9.806984,-0.138784,9.808794,90.810699,90.744377
14.2003994,-0.120239,9.804591,-0.099302,9.805831,90.580238,90.702614
14.2212505,-0.114257,9.820144,-0.108275,9.821405,90.631668,90.666603
14.2421017,-0.120239,9.803992,-0.101097,9.805251,90.590759,90.702660
14.2629528,-0.133400,9.845867,-0.103490,9.847315,90.602158,90.776245
14.2838049,-0.132802,9.851251,-0.132802,9.853042,90.772270,90.772339
14.3046579,-0.125623,9.881760,-0.089731,9.882965,90.520218,90.728340
14.3255100,-0.124427,9.876375,-0.117248,9.877854,90.680107,90.721802
14.3463621,-0.139980,9.885348,-0.125025,9.887130,90.724541,90.811272
14.3672142,-0.120239,9.864411,-0.090927,9.865563,90.528084,90.698357
14.3880663,-0.128614,9.857233,-0.138186,9.859040,90.803093,90.747536
14.4089165,-0.131605,9.853643,-0.092722,9.854959,90.539085,90.765198
14.4297705,-0.123230,9.842278,-0.125025,9.843843,90.727722,90.717339
14.4506216,-0.102891,9.827323,-0.120838,9.828605,90.704437,90.599861
14.4714746,-0.096909,9.834501,-0.072981,9.835250,90.425156,90.564575
14.4923258,-0.098704,9.847063,-0.037089,9.847628,90.215790,90.574295
14.5131769,-0.115454,9.828519,-0.081356,9.829534,90.474228,90.673012
14.5340300,-0.146560,9.810573,-0.164507,9.813046,90.960556,90.855881
14.5548792,-0.129212,9.851251,-0.126221,9.852906,90.734009,90.751465
14.5757303,-0.135194,9.838689,-0.128016,9.840450,90.745392,90.787254
14.5965824,-0.166301,9.856036,-0.085543,9.857810,90.497200,90.966660
14.6174345,-0.153739,9.857233,-0.127418,9.859256,90.740494,90.893547
14.6382875,-0.159721,9.862617,-0.227318,9.866529,91.320175,90.927803
14.6591415,-0.159721,9.846465,-0.171087,9.849247,90.995308,90.929321
14.6799917,-0.157328,9.849456,-0.263809,9.854244,91.534050,90.915123
14.7008429,-0.135194,9.834501,-0.168096,9.836867,90.979141,90.787590
14.7216930,-0.096909,9.845867,-0.165703,9.847738,90.964134,90.563927
14.7425451,-0.092722,9.846465,-0.103490,9.847445,90.602150,90.539528
14.7633982,-0.040678,9.836894,-0.147757,9.838088,90.860550,90.236931
14.7842484,-0.052044,9.845269,-0.093918,9.845855,90.546547,90.302872
14.8050985,-0.042473,9.838090,-0.073579,9.838457,90.428505,90.247353
14.8259487,-0.074178,9.862019,-0.025723,9.862331,90.149437,90.430946
14.8467989,-0.141775,9.856635,-0.084945,9.858021,90.493713,90.824066
14.8676510,-0.163908,9.862019,-0.123829,9.864158,90.719276,90.952179
14.8885050,-0.199801,9.869197,-0.183051,9.872916,91.062363,91.159790
14.9093552,-0.204586,9.872188,-0.165105,9.875688,90.957932,91.187202
14.9302073,-0.195015,9.843474,-0.202792,9.847494,91.179985,91.134972
14.9510593,-0.170489,9.847063,-0.133998,9.849450,90.779510,90.991898
14.9719105,-0.133400,9.830912,-0.159123,9.833104,90.927223,90.777420
14.9927626,-0.127418,9.831510,-0.117248,9.833035,90.683205,90.742523
15.0136127,-0.074178,9.828519,-0.105882,9.829369,90.617203,90.432411
15.0344658,-0.076570,9.836894,-0.114855,9.837862,90.668938,90.445984
15.0553188,-0.073579,9.814162,-0.104686,9.814997,90.611122,90.429550
15.0761728,-0.097508,9.822537,-0.110668,9.823645,90.645477,90.568748
15.0970259,-0.116052,9.831510,-0.159123,9.833482,90.927185,90.676292
15.1178780,-0.142373,9.838090,-0.152542,9.840302,90.888222,90.829102
15.1387291,-0.140578,9.836894,-0.180658,9.839557,91.052032,90.818756
15.1595821,-0.149551,9.843474,-0.216550,9.846992,91.260124,90.870422
15.1804342,-0.113061,9.864411,-0.159721,9.866352,90.927567,90.656670
15.2012863,-0.120838,9.894919,-0.082552,9.896002,90.477966,90.699669
15.2221413,-0.111266,9.884152,-0.058026,9.884949,90.336334,90.644951
15.2429953,-0.114257,9.902099,-0.072981,9.903027,90.422249,90.661087
15.2638474,-0.145364,9.869795,-0.188435,9.872663,91.093643,90.843803
15.2846985,-0.163908,9.852448,-0.235693,9.856629,91.370193,90.953102
15.3055506,-0.156132,9.834501,-0.203988,9.837855,91.188118,90.909546
15.3264036,-0.165703,9.820743,-0.192024,9.824018,91.119995,90.966644
15.3472557,-0.144168,9.808180,-0.168694,9.810690,90.985245,90.842110
15.3681087,-0.117248,9.822537,-0.202792,9.825330,91.182648,90.683891
15.3889599,-0.098704,9.820743,-0.178863,9.822867,91.043350,90.575836
15.4098101,-0.081356,9.836296,-0.120838,9.837375,90.703812,90.473885
15.4306593,-0.066401,9.845867,-0.077767,9.846398,90.452522,90.386398
15.4515095,-0.068195,9.851251,-0.104088,9.852036,90.605347,90.396622
15.4723597,-0.088534,9.859028,-0.150748,9.860578,90.875969,90.514503
15.4932108,-0.133998,9.866804,-0.172881,9.869227,91.003716,90.778069
15.5140629,-0.146560,9.863813,-0.178863,9.866524,91.038734,90.851257
15.5349178,-0.180658,9.850653,-0.159123,9.853595,90.925293,91.050667
15.5557756,-0.175872,9.848858,-0.183649,9.852139,91.068085,91.023033
15.5766335,-0.159721,9.826126,-0.191426,9.829288,91.115906,90.931244
15.5974922,-0.144168,9.844072,-0.163310,9.846482,90.950333,90.839043
15.6183491,-0.113659,9.827323,-0.103490,9.828526,90.603310,90.662628
15.6392078,-0.088534,9.828519,-0.128614,9.829759,90.749687,90.516098
15.6600666,-0.107677,9.828519,-0.121436,9.829859,90.707840,90.627686
15.6809254,-0.098704,9.839885,-0.138186,9.841351,90.804535,90.574715
15.7017794,-0.118445,9.857233,-0.151944,9.859116,90.883049,90.688431
15.7226315,-0.129811,9.830912,-0.145364,9.832843,90.847061,90.756508
15.7434845,-0.162712,9.831510,-0.220140,9.835320,91.282532,90.948158
15.7643366,-0.153739,9.824331,-0.229113,9.828205,91.335785,90.896538
15.7851877,-0.133400,9.838090,-0.254237,9.842278,91.480179,90.776855
15.8060398,-0.116650,9.843474,-0.174078,9.845705,91.013077,90.678955
15.8268938,-0.077767,9.847662,-0.139382,9.848955,90.810875,90.452454
15.8477449,-0.098704,9.865009,-0.095115,9.865961,90.552376,90.573250
15.8685961,-0.103490,9.847662,-0.158524,9.849482,90.922195,90.602104
15.8894491,-0.139980,9.857233,-0.174078,9.859764,91.011635,90.813591
15.9103003,-0.123829,9.839885,-0.172881,9.842182,91.006470,90.720993
15.9311533,-0.144766,9.819546,-0.149551,9.821752,90.872452,90.844627
15.9520025,-0.168096,9.831510,-0.214756,9.835292,91.251167,90.979530
15.9728546,-0.160319,9.817153,-0.267996,9.822119,91.563507,90.935585
15.9937077,-0.131007,9.830314,-0.202194,9.833266,91.178207,90.763527
16.0145607,-0.122632,9.872787,-0.150748,9.874699,90.874718,90.711647
16.0354118,-0.093918,9.829716,-0.118445,9.830878,90.690331,90.547417
16.0562649,-0.089731,9.903893,-0.114855,9.904964,90.664406,90.519096
16.0771179,-0.091525,9.848858,-0.204586,9.851408,91.189957,90.532433
16.0979691,-0.102891,9.857831,-0.171685,9.859863,90.997711,90.598007
16.1188221,-0.130409,9.849456,-0.156730,9.851566,90.911568,90.758560
16.1396770,-0.120838,9.862019,-0.187238,9.864536,91.087593,90.702003
16.1605301,-0.159123,9.818350,-0.152542,9.820824,90.889984,90.928490
16.1813812,-0.161516,9.836894,-0.183649,9.839933,91.069412,90.940674
16.2022362,-0.140578,9.832108,-0.217747,9.835524,91.268562,90.819153
16.2230873,-0.138784,9.823733,-0.129811,9.825571,90.756989,90.809387
16.2439404,-0.137587,9.826724,-0.232104,9.830427,91.352921,90.802162
16.2647896,-0.117248,9.835099,-0.154935,9.837018,90.902458,90.683014
16.2856407,-0.098106,9.842278,-0.151944,9.843940,90.884415,90.571091
16.3064919,-0.117847,9.840483,-0.153141,9.842380,90.891518,90.686127
16.3273411,-0.097508,9.847662,-0.114257,9.848807,90.664711,90.567299
16.3481922,-0.103490,9.843474,-0.128614,9.844858,90.748543,90.602356
16.3690434,-0.134596,9.885947,-0.175872,9.888428,91.019096,90.780029
16.3898964,-0.132802,9.833903,-0.106481,9.835377,90.620316,90.773705
16.4107494,-0.152542,9.870992,-0.180658,9.873823,91.048378,90.885353
16.4316025,-0.145962,9.833903,-0.209970,9.837228,91.223038,90.850365
16.4524555,-0.136391,9.864411,-0.193220,9.867246,91.122040,90.792152
16.4733067,-0.129811,9.839885,-0.139382,9.841728,90.811470,90.755821
16.4941578,-0.125623,9.847662,-0.135793,9.849400,90.789955,90.730865
16.5150108,-0.127418,9.818948,-0.139382,9.820764,90.813202,90.743469
16.5358620,-0.127418,9.847662,-0.163908,9.849850,90.953484,90.741302
16.5567150,-0.125623,9.836894,-0.185444,9.839443,91.079918,90.731659
16.5775681,-0.112463,9.824930,-0.122034,9.826332,90.711578,90.655815
16.5984211,-0.144168,9.832108,-0.221934,9.835670,91.292946,90.840065
16.6192741,-0.139382,9.845867,-0.147159,9.847953,90.856209,90.811050
16.6401272,-0.125623,9.857831,-0.217149,9.861023,91.261810,90.730110
16.6609783,-0.120838,9.857233,-0.120239,9.858707,90.698814,90.702339
16.6818314,-0.118445,9.837492,-0.175872,9.839777,91.024139,90.689812
16.7026825,-0.135194,9.897911,-0.099302,9.899332,90.574753,90.782547
16.7235374,-0.121436,9.845867,-0.230907,9.849323,91.343361,90.706635
16.7443905,-0.140578,9.809975,-0.115454,9.811661,90.674217,90.820999
16.7652454,-0.154935,9.851251,-0.241077,9.855418,91.401672,90.901047
16.7860985,-0.108275,9.837492,-0.105284,9.838651,90.613136,90.630592
16.8069515,-0.144766,9.851251,-0.110070,9.852929,90.640083,90.841911
16.8278046,-0.135194,9.832108,-0.200997,9.835092,91.171021,90.787788
16.8486576,-0.111266,9.866804,-0.081356,9.867767,90.472389,90.646088
16.8695107,-0.117847,9.848858,-0.186042,9.851319,91.082092,90.685539
16.8903637,-0.163908,9.834501,-0.098106,9.836356,90.571465,90.954842
16.9112167,-0.098704,9.851849,-0.188435,9.854145,91.095695,90.574020
